service_id,monday,tuesday,wednesday,thursday,friday,saturday,sunday,start_date,end_date
20_平日(共通),1,1,1,1,1,0,0,20261010,20270410
20_土曜(共通),0,0,0,0,0,1,0,20261010,20270410
20_日祝(共通),0,0,0,0,0,0,1,20261010,20270410
30_平日(共通),1,1,1,1,1,0,0,20261010,20270410
30_土曜(共通),0,0,0,0,0,1,0,20261010,20270410
30_日祝(共通),0,0,0,0,0,0,1,20261010,20270410
40_平日(共通),1,1,1,1,1,0,0,20261010,20270410
40_土曜(共通),0,0,0,0,0,1,0,20261010,20270410
40_日祝(共通),0,0,0,0,0,0,1,20261010,20270410
60_平日(共通),1,1,1,1,1,0,0,20261010,20270410
60_土曜(共通),0,0,0,0,0,1,0,20261010,20270410
60_日祝(共通),0,0,0,0,0,0,1,20261010,20270410
90_平日(共通),1,1,1,1,1,0,0,20261010,20270410
90_土曜(共通),0,0,0,0,0,1,0,20261010,20270410
90_日祝(共通),0,0,0,0,0,0,1,20261010,20270410
