service_id,monday,tuesday,wednesday,thursday,friday,saturday,sunday,start_date,end_date
11_平日(共通),1,1,1,1,1,0,0,20261001,20270401
11_土曜(共通),0,0,0,0,0,1,0,20261001,20270401
11_日祝(共通),0,0,0,0,0,0,1,20261001,20270401
16_平日(共通),1,1,1,1,1,0,0,20261001,20270401
16_土曜(共通),0,0,0,0,0,1,0,20261001,20270401
16_日祝(共通),0,0,0,0,0,0,1,20261001,20270401
17_平日(共通),1,1,1,1,1,0,0,20261001,20270401
17_土曜(共通),0,0,0,0,0,1,0,20261001,20270401
17_日祝(共通),0,0,0,0,0,0,1,20261001,20270401
21_平日(共通),1,1,1,1,1,0,0,20261001,20270401
21_土曜(共通),0,0,0,0,0,1,0,20261001,20270401
21_日祝(共通),0,0,0,0,0,0,1,20261001,20270401
24_平日(共通),1,1,1,1,1,0,0,20261001,20270401
24_土曜(共通),0,0,0,0,0,1,0,20261001,20270401
24_日祝(共通),0,0,0,0,0,0,1,20261001,20270401
31_平日(共通),1,1,1,1,1,0,0,20261001,20270401
31_土曜(共通),0,0,0,0,0,1,0,20261001,20270401
31_日祝(共通),0,0,0,0,0,0,1,20261001,20270401
33_平日(共通),1,1,1,1,1,0,0,20261001,20270401
33_土曜(共通),0,0,0,0,0,1,0,20261001,20270401
33_日祝(共通),0,0,0,0,0,0,1,20261001,20270401
35_平日(共通),1,1,1,1,1,0,0,20261001,20270401
35_土曜(共通),0,0,0,0,0,1,0,20261001,20270401
35_日祝(共通),0,0,0,0,0,0,1,20261001,20270401
41_平日(共通),1,1,1,1,1,0,0,20261001,20270401
41_土曜(共通),0,0,0,0,0,1,0,20261001,20270401
41_日祝(共通),0,0,0,0,0,0,1,20261001,20270401
51_平日(共通),1,1,1,1,1,0,0,20261001,20270401
51_土曜(共通),0,0,0,0,0,1,0,20261001,20270401
51_日祝(共通),0,0,0,0,0,0,1,20261001,20270401
61_平日(共通),1,1,1,1,1,0,0,20261001,20270401
61_土曜(共通),0,0,0,0,0,1,0,20261001,20270401
61_日祝(共通),0,0,0,0,0,0,1,20261001,20270401
90_平日(共通),1,1,1,1,1,0,0,20261001,20270401
90_土曜(共通),0,0,0,0,0,1,0,20261001,20270401
90_日祝(共通),0,0,0,0,0,0,1,20261001,20270401
98_平日(共通),1,1,1,1,1,0,0,20261001,20270401
98_土曜(共通),0,0,0,0,0,1,0,20261001,20270401
98_日祝(共通),0,0,0,0,0,0,1,20261001,20270401
